5.904e-07 4
6.336e-07 4
6.288e-07 4
6e-07 4
6.232e-07 4
6.216e-07 4
6.376e-07 4
6.24e-07 4
6.384e-07 4
6.376e-07 4
6.16e-07 4
6.232e-07 4
6.152e-07 4
6.216e-07 4
6.28e-07 4
6.392e-07 4
6.512e-07 4
6.368e-07 4
6.256e-07 4
6.144e-07 4
6.01791e-07 4.04
6.21692e-07 4.04
6.17711e-07 4.04
6.01791e-07 4.04
6.58308e-07 4.04
6.20896e-07 4.04
6.4796e-07 4.04
5.89055e-07 4.04
6.34428e-07 4.04
6.51144e-07 4.04
6.52736e-07 4.04
6.29652e-07 4.04
6.12139e-07 4.04
5.97811e-07 4.04
6.60697e-07 4.04
6.12935e-07 4.04
6.28856e-07 4.04
5.96219e-07 4.04
5.79502e-07 4.04
6.30448e-07 4.04
6.45545e-07 4.08
5.81386e-07 4.08
6.16238e-07 4.08
6.12277e-07 4.08
5.97228e-07 4.08
6.30495e-07 4.08
6.07525e-07 4.08
5.60792e-07 4.08
5.99604e-07 4.08
6.17822e-07 4.08
6.22574e-07 4.08
5.67921e-07 4.08
6.12277e-07 4.08
5.94851e-07 4.08
5.89307e-07 4.08
6.42376e-07 4.08
6.19406e-07 4.08
5.77426e-07 4.08
6.40792e-07 4.08
6.2495e-07 4.08
5.87192e-07 4.12
6.09261e-07 4.12
6.01379e-07 4.12
6.32906e-07 4.12
5.87192e-07 4.12
5.86404e-07 4.12
6.23448e-07 4.12
6.15567e-07 4.12
5.99803e-07 4.12
5.90345e-07 4.12
6.00591e-07 4.12
6.32118e-07 4.12
6.02956e-07 4.12
6.20296e-07 4.12
6.39212e-07 4.12
5.82463e-07 4.12
6.16355e-07 4.12
5.97438e-07 4.12
5.91133e-07 4.12
6.0532e-07 4.12
6.19608e-07 4.16
6.27451e-07 4.16
5.87451e-07 4.16
5.96078e-07 4.16
5.95294e-07 4.16
6.22745e-07 4.16
6.21176e-07 4.16
5.96078e-07 4.16
6.23529e-07 4.16
6.08627e-07 4.16
6.3451e-07 4.16
6.30588e-07 4.16
6.21176e-07 4.16
5.8902e-07 4.16
6.18824e-07 4.16
6.2902e-07 4.16
5.91373e-07 4.16
6.27451e-07 4.16
6.4549e-07 4.16
6.24314e-07 4.16
5.99415e-07 4.2
6.2439e-07 4.2
6.36098e-07 4.2
6.0722e-07 4.2
5.83024e-07 4.2
6.03317e-07 4.2
6.17366e-07 4.2
5.82244e-07 4.2
6.0878e-07 4.2
5.97854e-07 4.2
5.86927e-07 4.2
6.01756e-07 4.2
6.12683e-07 4.2
6.29073e-07 4.2
6.04098e-07 4.2
5.99415e-07 4.2
5.90829e-07 4.2
6.18146e-07 4.2
6.18146e-07 4.2
6.34537e-07 4.2
6.3301e-07 4.24
6.50097e-07 4.24
5.95728e-07 4.24
6.12039e-07 4.24
5.96505e-07 4.24
6.15922e-07 4.24
5.92621e-07 4.24
6.4233e-07 4.24
5.72427e-07 4.24
6.15922e-07 4.24
6.10485e-07 4.24
5.82524e-07 4.24
6.05049e-07 4.24
6.03495e-07 4.24
6.19029e-07 4.24
6.05825e-07 4.24
6.19806e-07 4.24
6.19029e-07 4.24
5.98058e-07 4.24
6.02126e-07 4.28
5.94396e-07 4.28
6.0058e-07 4.28
6.06763e-07 4.28
6.17585e-07 4.28
6.29179e-07 4.28
6.15266e-07 4.28
6.04444e-07 4.28
5.93623e-07 4.28
5.84348e-07 4.28
6.03671e-07 4.28
5.99807e-07 4.28
5.84348e-07 4.28
6.39227e-07 4.28
6.02899e-07 4.28
6.29179e-07 4.28
5.71981e-07 4.28
6.16039e-07 4.28
6.32271e-07 4.28
6.33816e-07 4.28
6.08462e-07 4.32
5.91538e-07 4.32
5.77692e-07 4.32
6.38462e-07 4.32
5.92308e-07 4.32
6.07692e-07 4.32
5.76154e-07 4.32
5.6e-07 4.32
6.09231e-07 4.32
6.26923e-07 4.32
5.64615e-07 4.32
5.98462e-07 4.32
5.94615e-07 4.32
5.8e-07 4.32
6.12308e-07 4.32
5.9e-07 4.32
5.44615e-07 4.32
5.82308e-07 4.32
6e-07 4.32
6.04615e-07 4.32
5.489e-07 4.36
5.9177e-07 4.36
5.74928e-07 4.36
5.69569e-07 4.36
6.20861e-07 4.36
5.9866e-07 4.36
5.58086e-07 4.36
6.1933e-07 4.36
6.04019e-07 4.36
5.70335e-07 4.36
5.9177e-07 4.36
5.84115e-07 4.36
6.14737e-07 4.36
5.70335e-07 4.36
5.69569e-07 4.36
6.0555e-07 4.36
5.97895e-07 4.36
5.82584e-07 4.36
5.73397e-07 4.36
5.83349e-07 4.36
6.11048e-07 4.4
5.82857e-07 4.4
5.99619e-07 4.4
6.17905e-07 4.4
5.63048e-07 4.4
5.9581e-07 4.4
5.77524e-07 4.4
5.71429e-07 4.4
5.85143e-07 4.4
6.01905e-07 4.4
6.09524e-07 4.4
5.70667e-07 4.4
5.79048e-07 4.4
5.78286e-07 4.4
6.04952e-07 4.4
6.03429e-07 4.4
5.79048e-07 4.4
6.05714e-07 4.4
5.91238e-07 4.4
6.16381e-07 4.4
6.09668e-07 4.44
6.00569e-07 4.44
5.69479e-07 4.44
5.98294e-07 4.44
6.08152e-07 4.44
5.71754e-07 4.44
6.06635e-07 4.44
6.24076e-07 4.44
6.03602e-07 4.44
5.8237e-07 4.44
6.06635e-07 4.44
6.18009e-07 4.44
5.89953e-07 4.44
5.66445e-07 4.44
5.86161e-07 4.44
5.9981e-07 4.44
5.65687e-07 4.44
5.91469e-07 4.44
5.80853e-07 4.44
5.70237e-07 4.44
5.81887e-07 4.48
5.92453e-07 4.48
6.08302e-07 4.48
5.84151e-07 4.48
5.79623e-07 4.48
5.71321e-07 4.48
5.97736e-07 4.48
5.97736e-07 4.48
6.13585e-07 4.48
6.15094e-07 4.48
6.31698e-07 4.48
5.78868e-07 4.48
5.94717e-07 4.48
5.79623e-07 4.48
5.98491e-07 4.48
5.75849e-07 4.48
6.24151e-07 4.48
0 4.48
5.58491e-07 4.48
5.97736e-07 4.48
5.91174e-07 4.52
5.6338e-07 4.52
5.85164e-07 4.52
5.83662e-07 4.52
5.98685e-07 4.52
5.85915e-07 4.52
5.99437e-07 4.52
5.98685e-07 4.52
5.78404e-07 4.52
5.85164e-07 4.52
5.77653e-07 4.52
5.83662e-07 4.52
5.89671e-07 4.52
6.00188e-07 4.52
6.11455e-07 4.52
5.97934e-07 4.52
5.87418e-07 4.52
5.76901e-07 4.52
5.67887e-07 4.52
5.86667e-07 4.52
5.80187e-07 4.56
5.65234e-07 4.56
6.18318e-07 4.56
5.83178e-07 4.56
6.08598e-07 4.56
5.53271e-07 4.56
5.95888e-07 4.56
6.11589e-07 4.56
6.13084e-07 4.56
5.91402e-07 4.56
5.74953e-07 4.56
5.61495e-07 4.56
6.20561e-07 4.56
5.75701e-07 4.56
5.90654e-07 4.56
5.6e-07 4.56
5.44299e-07 4.56
5.9215e-07 4.56
6.09346e-07 4.56
5.48785e-07 4.56
5.78977e-07 4.6
5.75256e-07 4.6
5.61116e-07 4.6
5.92372e-07 4.6
5.70791e-07 4.6
5.26884e-07 4.6
5.63349e-07 4.6
5.80465e-07 4.6
5.8493e-07 4.6
5.33581e-07 4.6
5.75256e-07 4.6
5.58884e-07 4.6
5.53674e-07 4.6
6.03535e-07 4.6
5.81953e-07 4.6
5.42512e-07 4.6
6.02047e-07 4.6
5.87163e-07 4.6
5.54419e-07 4.6
5.75256e-07 4.6
5.65185e-07 4.64
5.94815e-07 4.64
5.51852e-07 4.64
5.51111e-07 4.64
5.85926e-07 4.64
5.78519e-07 4.64
5.63704e-07 4.64
5.54815e-07 4.64
5.64444e-07 4.64
5.94074e-07 4.64
5.66667e-07 4.64
5.82963e-07 4.64
6.00741e-07 4.64
5.47407e-07 4.64
5.79259e-07 4.64
5.61481e-07 4.64
5.55556e-07 4.64
5.68889e-07 4.64
5.85185e-07 4.64
5.92593e-07 4.64
5.52258e-07 4.68
5.60369e-07 4.68
5.59631e-07 4.68
5.85438e-07 4.68
5.83963e-07 4.68
5.60369e-07 4.68
5.86175e-07 4.68
5.72166e-07 4.68
5.96498e-07 4.68
5.92811e-07 4.68
5.83963e-07 4.68
5.53733e-07 4.68
5.81751e-07 4.68
5.91336e-07 4.68
5.55945e-07 4.68
5.89862e-07 4.68
6.0682e-07 4.68
5.86912e-07 4.68
5.66267e-07 4.68
5.89862e-07 4.68
5.98165e-07 4.72
5.71009e-07 4.72
5.48257e-07 4.72
5.67339e-07 4.72
5.8055e-07 4.72
5.47523e-07 4.72
5.72477e-07 4.72
5.62202e-07 4.72
5.51927e-07 4.72
5.65872e-07 4.72
5.76147e-07 4.72
5.9156e-07 4.72
5.68073e-07 4.72
5.6367e-07 4.72
5.55596e-07 4.72
5.81284e-07 4.72
5.81284e-07 4.72
5.96697e-07 4.72
5.98165e-07 4.72
6.14312e-07 4.72
5.60365e-07 4.76
5.75708e-07 4.76
5.61096e-07 4.76
5.79361e-07 4.76
5.57443e-07 4.76
6.04201e-07 4.76
0 4.76
5.38447e-07 4.76
5.80822e-07 4.76
5.74247e-07 4.76
5.48676e-07 4.76
5.69132e-07 4.76
5.67671e-07 4.76
5.82283e-07 4.76
5.69863e-07 4.76
5.83014e-07 4.76
5.82283e-07 4.76
5.62557e-07 4.76
5.69132e-07 4.76
5.61826e-07 4.76
5.65091e-07 4.8
5.70909e-07 4.8
5.81091e-07 4.8
5.92e-07 4.8
5.78909e-07 4.8
5.68727e-07 4.8
5.58545e-07 4.8
5.49818e-07 4.8
5.68e-07 4.8
5.64364e-07 4.8
5.49818e-07 4.8
6.01455e-07 4.8
5.67273e-07 4.8
5.92e-07 4.8
5.38182e-07 4.8
5.79636e-07 4.8
5.94909e-07 4.8
5.96364e-07 4.8
5.75273e-07 4.8
5.59273e-07 4.8
5.4371e-07 4.84
6.00905e-07 4.84
5.57466e-07 4.84
5.71946e-07 4.84
5.42262e-07 4.84
5.27059e-07 4.84
5.73394e-07 4.84
5.90045e-07 4.84
5.31403e-07 4.84
5.63258e-07 4.84
5.59638e-07 4.84
5.45882e-07 4.84
5.7629e-07 4.84
5.55294e-07 4.84
5.12579e-07 4.84
5.48054e-07 4.84
5.64706e-07 4.84
5.6905e-07 4.84
5.19095e-07 4.84
5.59638e-07 4.84
5.41261e-07 4.88
5.36216e-07 4.88
5.84505e-07 4.88
5.63604e-07 4.88
5.25405e-07 4.88
5.83063e-07 4.88
5.68649e-07 4.88
5.36937e-07 4.88
5.57117e-07 4.88
5.4991e-07 4.88
5.78739e-07 4.88
5.36937e-07 4.88
5.36216e-07 4.88
5.7009e-07 4.88
5.62883e-07 4.88
5.48468e-07 4.88
5.3982e-07 4.88
5.49189e-07 4.88
5.78018e-07 4.88
5.51351e-07 4.88
5.64664e-07 4.92
5.81883e-07 4.92
5.30224e-07 4.92
5.61076e-07 4.92
5.43857e-07 4.92
5.38117e-07 4.92
5.51031e-07 4.92
5.66816e-07 4.92
5.73991e-07 4.92
5.37399e-07 4.92
5.45291e-07 4.92
5.44574e-07 4.92
5.69686e-07 4.92
5.68251e-07 4.92
5.45291e-07 4.92
5.70404e-07 4.92
5.56771e-07 4.92
5.80448e-07 4.92
5.76861e-07 4.92
5.68251e-07 4.92
5.36429e-07 4.96
5.63571e-07 4.96
5.72857e-07 4.96
5.38571e-07 4.96
5.71429e-07 4.96
5.87857e-07 4.96
5.68571e-07 4.96
5.48571e-07 4.96
5.71429e-07 4.96
5.82143e-07 4.96
5.55714e-07 4.96
5.33571e-07 4.96
5.52143e-07 4.96
5.65e-07 4.96
5.32857e-07 4.96
5.57143e-07 4.96
5.47143e-07 4.96
5.37143e-07 4.96
5.50714e-07 4.96
5.60714e-07 4.96
5.73156e-07 5
5.504e-07 5
5.46133e-07 5
5.38311e-07 5
5.632e-07 5
5.632e-07 5
5.78133e-07 5
5.79556e-07 5
5.952e-07 5
5.45422e-07 5
5.60356e-07 5
5.46133e-07 5
5.63911e-07 5
5.42578e-07 5
5.88089e-07 5
0 5
5.24089e-07 5
5.632e-07 5
5.61067e-07 5
5.33333e-07 5
5.52212e-07 5.04
5.50088e-07 5.04
5.64248e-07 5.04
5.52212e-07 5.04
5.64956e-07 5.04
5.64248e-07 5.04
5.45133e-07 5.04
5.51504e-07 5.04
5.44425e-07 5.04
5.50088e-07 5.04
5.55752e-07 5.04
5.65664e-07 5.04
5.76283e-07 5.04
5.6354e-07 5.04
5.53628e-07 5.04
5.43717e-07 5.04
5.35221e-07 5.04
5.5292e-07 5.04
5.49381e-07 5.04
5.35221e-07 5.04
5.82907e-07 5.08
5.4978e-07 5.08
5.73744e-07 5.08
5.21586e-07 5.08
5.61762e-07 5.08
5.76564e-07 5.08
5.77974e-07 5.08
5.57533e-07 5.08
5.42026e-07 5.08
5.29339e-07 5.08
5.85022e-07 5.08
5.42731e-07 5.08
5.56828e-07 5.08
5.2793e-07 5.08
5.13128e-07 5.08
5.58238e-07 5.08
5.74449e-07 5.08
5.17357e-07 5.08
5.4837e-07 5.08
5.44846e-07 5.08
5.29123e-07 5.12
5.58596e-07 5.12
5.38246e-07 5.12
4.96842e-07 5.12
5.31228e-07 5.12
5.47368e-07 5.12
5.51579e-07 5.12
5.03158e-07 5.12
5.42456e-07 5.12
5.27018e-07 5.12
5.22105e-07 5.12
5.69123e-07 5.12
5.48772e-07 5.12
5.11579e-07 5.12
5.67719e-07 5.12
5.53684e-07 5.12
5.22807e-07 5.12
5.42456e-07 5.12
5.35439e-07 5.12
5.63509e-07 5.12
5.20524e-07 5.16
5.19825e-07 5.16
5.52664e-07 5.16
5.45677e-07 5.16
5.31703e-07 5.16
5.23319e-07 5.16
5.32402e-07 5.16
5.60349e-07 5.16
5.34498e-07 5.16
5.49869e-07 5.16
5.66638e-07 5.16
5.16332e-07 5.16
5.46376e-07 5.16
5.29607e-07 5.16
5.24017e-07 5.16
5.36594e-07 5.16
5.51965e-07 5.16
5.58952e-07 5.16
5.23319e-07 5.16
5.31004e-07 5.16
5.28e-07 5.2
5.52348e-07 5.2
5.50957e-07 5.2
5.28696e-07 5.2
5.53043e-07 5.2
5.39826e-07 5.2
5.62783e-07 5.2
5.59304e-07 5.2
5.50957e-07 5.2
5.22435e-07 5.2
5.4887e-07 5.2
5.57913e-07 5.2
5.24522e-07 5.2
5.56522e-07 5.2
5.72522e-07 5.2
5.53739e-07 5.2
5.34261e-07 5.2
5.56522e-07 5.2
5.66957e-07 5.2
5.41217e-07 5.2
5.17403e-07 5.24
5.35411e-07 5.24
5.47879e-07 5.24
5.1671e-07 5.24
5.4026e-07 5.24
5.30563e-07 5.24
5.20866e-07 5.24
5.34026e-07 5.24
5.43723e-07 5.24
5.58268e-07 5.24
5.36104e-07 5.24
5.31948e-07 5.24
5.24329e-07 5.24
5.48571e-07 5.24
5.48571e-07 5.24
5.63117e-07 5.24
5.64502e-07 5.24
5.7974e-07 5.24
5.31255e-07 5.24
5.45801e-07 5.24
5.29655e-07 5.28
5.46897e-07 5.28
5.26207e-07 5.28
5.70345e-07 5.28
0 5.28
5.08276e-07 5.28
5.46207e-07 5.28
5.42069e-07 5.28
5.1931e-07 5.28
5.37241e-07 5.28
5.36552e-07 5.28
5.49655e-07 5.28
5.37931e-07 5.28
5.50345e-07 5.28
5.49655e-07 5.28
5.31034e-07 5.28
5.37241e-07 5.28
5.30345e-07 5.28
5.35862e-07 5.28
5.41379e-07 5.28
5.4867e-07 5.32
5.5897e-07 5.32
5.46609e-07 5.32
5.36996e-07 5.32
5.27382e-07 5.32
5.19142e-07 5.32
5.36309e-07 5.32
5.32876e-07 5.32
5.19142e-07 5.32
5.67897e-07 5.32
5.35622e-07 5.32
5.5897e-07 5.32
5.08155e-07 5.32
5.47296e-07 5.32
5.61717e-07 5.32
5.6309e-07 5.32
5.43176e-07 5.32
5.28069e-07 5.32
5.15708e-07 5.32
5.69957e-07 5.32
5.26496e-07 5.36
5.40171e-07 5.36
5.12137e-07 5.36
4.97778e-07 5.36
5.41538e-07 5.36
5.57265e-07 5.36
5.0188e-07 5.36
5.31966e-07 5.36
5.28547e-07 5.36
5.15556e-07 5.36
5.44274e-07 5.36
5.24444e-07 5.36
4.84103e-07 5.36
5.17607e-07 5.36
5.33333e-07 5.36
5.37436e-07 5.36
4.90256e-07 5.36
5.28547e-07 5.36
5.13504e-07 5.36
5.08718e-07 5.36
5.5217e-07 5.4
5.32426e-07 5.4
4.9634e-07 5.4
5.50809e-07 5.4
5.37191e-07 5.4
5.07234e-07 5.4
5.26298e-07 5.4
5.19489e-07 5.4
5.46723e-07 5.4
5.07234e-07 5.4
5.06553e-07 5.4
5.38553e-07 5.4
5.31745e-07 5.4
5.18128e-07 5.4
5.09957e-07 5.4
5.18809e-07 5.4
5.46043e-07 5.4
5.20851e-07 5.4
5.3583e-07 5.4
5.5217e-07 5.4
5.01017e-07 5.44
5.30169e-07 5.44
5.13898e-07 5.44
5.08475e-07 5.44
5.20678e-07 5.44
5.35593e-07 5.44
5.42373e-07 5.44
5.07797e-07 5.44
5.15254e-07 5.44
5.14576e-07 5.44
5.38305e-07 5.44
5.36949e-07 5.44
5.15254e-07 5.44
5.38983e-07 5.44
5.26102e-07 5.44
5.48475e-07 5.44
5.45085e-07 5.44
5.36949e-07 5.44
5.09153e-07 5.44
5.34915e-07 5.44
5.41435e-07 5.48
5.0903e-07 5.48
5.40084e-07 5.48
5.55612e-07 5.48
5.37384e-07 5.48
5.18481e-07 5.48
5.40084e-07 5.48
5.50211e-07 5.48
5.25232e-07 5.48
5.04304e-07 5.48
5.21857e-07 5.48
5.34008e-07 5.48
5.03629e-07 5.48
5.26582e-07 5.48
5.17131e-07 5.48
5.07679e-07 5.48
5.20506e-07 5.48
5.29958e-07 5.48
5.44135e-07 5.48
5.22532e-07 5.48
5.16303e-07 5.52
5.08908e-07 5.52
5.32437e-07 5.52
5.32437e-07 5.52
5.46555e-07 5.52
5.47899e-07 5.52
5.62689e-07 5.52
5.1563e-07 5.52
5.29748e-07 5.52
5.16303e-07 5.52
5.33109e-07 5.52
5.12941e-07 5.52
5.55966e-07 5.52
0 5.52
4.95462e-07 5.52
5.32437e-07 5.52
5.28403e-07 5.52
5.04202e-07 5.52
5.25714e-07 5.52
5.22353e-07 5.52
5.34226e-07 5.56
5.22176e-07 5.56
5.34226e-07 5.56
5.33556e-07 5.56
5.15481e-07 5.56
5.21506e-07 5.56
5.14812e-07 5.56
5.20167e-07 5.56
5.25523e-07 5.56
5.34895e-07 5.56
5.44937e-07 5.56
5.32887e-07 5.56
5.23515e-07 5.56
5.14142e-07 5.56
5.06109e-07 5.56
5.22845e-07 5.56
5.19498e-07 5.56
5.06109e-07 5.56
5.5364e-07 5.56
5.22176e-07 5.56
5.42667e-07 5.6
4.93333e-07 5.6
5.31333e-07 5.6
5.45333e-07 5.6
5.46667e-07 5.6
5.27333e-07 5.6
5.12667e-07 5.6
5.00667e-07 5.6
5.53333e-07 5.6
5.13333e-07 5.6
5.26667e-07 5.6
4.99333e-07 5.6
4.85333e-07 5.6
5.28e-07 5.6
5.43333e-07 5.6
4.89333e-07 5.6
5.18667e-07 5.6
5.15333e-07 5.6
5.02667e-07 5.6
5.30667e-07 5.6
5.09212e-07 5.64
4.70041e-07 5.64
5.02573e-07 5.64
5.17842e-07 5.64
5.21826e-07 5.64
4.76017e-07 5.64
5.13195e-07 5.64
4.98589e-07 5.64
4.93942e-07 5.64
5.38423e-07 5.64
5.1917e-07 5.64
4.83983e-07 5.64
5.37095e-07 5.64
5.23817e-07 5.64
4.94606e-07 5.64
5.13195e-07 5.64
5.06556e-07 5.64
5.33112e-07 5.64
4.94606e-07 5.64
4.93942e-07 5.64
5.22975e-07 5.68
5.16364e-07 5.68
5.0314e-07 5.68
4.95207e-07 5.68
5.03802e-07 5.68
5.30248e-07 5.68
5.05785e-07 5.68
5.20331e-07 5.68
5.36198e-07 5.68
4.88595e-07 5.68
5.17025e-07 5.68
5.01157e-07 5.68
4.95868e-07 5.68
5.07769e-07 5.68
5.22314e-07 5.68
5.28926e-07 5.68
4.95207e-07 5.68
5.02479e-07 5.68
5.01818e-07 5.68
5.24959e-07 5.68
5.21481e-07 5.72
5.00412e-07 5.72
5.23457e-07 5.72
5.10947e-07 5.72
5.32675e-07 5.72
5.29383e-07 5.72
5.21481e-07 5.72
4.94486e-07 5.72
5.19506e-07 5.72
5.28066e-07 5.72
4.96461e-07 5.72
5.26749e-07 5.72
5.41893e-07 5.72
5.24115e-07 5.72
5.05679e-07 5.72
5.26749e-07 5.72
5.36626e-07 5.72
5.12263e-07 5.72
4.91852e-07 5.72
5.08971e-07 5.72
5.18689e-07 5.76
4.8918e-07 5.76
5.11475e-07 5.76
5.02295e-07 5.76
4.93115e-07 5.76
5.05574e-07 5.76
5.14754e-07 5.76
5.28525e-07 5.76
5.07541e-07 5.76
5.03607e-07 5.76
4.96393e-07 5.76
5.19344e-07 5.76
5.19344e-07 5.76
5.33115e-07 5.76
5.34426e-07 5.76
5.48852e-07 5.76
5.02951e-07 5.76
5.16721e-07 5.76
5.03607e-07 5.76
5.2e-07 5.76
4.98286e-07 5.8
5.40082e-07 5.8
0 5.8
4.81306e-07 5.8
5.17224e-07 5.8
5.13306e-07 5.8
4.89796e-07 5.8
5.08735e-07 5.8
5.09388e-07 5.8
5.2049e-07 5.8
5.10041e-07 5.8
5.21143e-07 5.8
5.2049e-07 5.8
5.02857e-07 5.8
5.08735e-07 5.8
5.02204e-07 5.8
5.07429e-07 5.8
5.12653e-07 5.8
5.21796e-07 5.8
5.31592e-07 5.8
5.17724e-07 5.84
5.08618e-07 5.84
4.99512e-07 5.84
4.91707e-07 5.84
5.07967e-07 5.84
5.04715e-07 5.84
4.91707e-07 5.84
5.37886e-07 5.84
5.07317e-07 5.84
5.29431e-07 5.84
4.81301e-07 5.84
5.18374e-07 5.84
5.32033e-07 5.84
5.33333e-07 5.84
5.14472e-07 5.84
5.00163e-07 5.84
4.88455e-07 5.84
5.39837e-07 5.84
5.00813e-07 5.84
5.13821e-07 5.84
4.85182e-07 5.88
4.71579e-07 5.88
5.13036e-07 5.88
5.27935e-07 5.88
4.75466e-07 5.88
5.03968e-07 5.88
5.00729e-07 5.88
4.88421e-07 5.88
5.15628e-07 5.88
4.96842e-07 5.88
4.58623e-07 5.88
4.90364e-07 5.88
5.05263e-07 5.88
5.0915e-07 5.88
4.64453e-07 5.88
5.00729e-07 5.88
4.86478e-07 5.88
4.81943e-07 5.88
5.25344e-07 5.88
5.06559e-07 5.88
4.70323e-07 5.92
5.21935e-07 5.92
5.09032e-07 5.92
4.80645e-07 5.92
4.9871e-07 5.92
4.92258e-07 5.92
5.18065e-07 5.92
4.80645e-07 5.92
4.8e-07 5.92
5.10323e-07 5.92
5.03871e-07 5.92
4.90968e-07 5.92
4.83226e-07 5.92
4.91613e-07 5.92
5.17419e-07 5.92
4.93548e-07 5.92
5.07742e-07 5.92
5.23226e-07 5.92
4.76774e-07 5.92
5.04516e-07 5.92
4.87068e-07 5.96
4.81928e-07 5.96
4.93494e-07 5.96
5.07631e-07 5.96
5.14056e-07 5.96
4.81285e-07 5.96
4.88353e-07 5.96
4.87711e-07 5.96
5.10201e-07 5.96
5.08916e-07 5.96
4.88353e-07 5.96
5.10843e-07 5.96
4.98635e-07 5.96
5.19839e-07 5.96
5.16627e-07 5.96
5.08916e-07 5.96
4.8257e-07 5.96
5.06988e-07 5.96
5.15341e-07 5.96
4.84498e-07 5.96
5.12e-07 6
5.2672e-07 6
5.0944e-07 6
4.9152e-07 6
5.12e-07 6
5.216e-07 6
4.9792e-07 6
4.7808e-07 6
4.9472e-07 6
5.0624e-07 6
4.7744e-07 6
4.992e-07 6
4.9024e-07 6
4.8128e-07 6
4.9344e-07 6
5.024e-07 6
5.1584e-07 6
4.9536e-07 6
4.9152e-07 6
4.8448e-07 6
5.04861e-07 6.04
5.04861e-07 6.04
5.18247e-07 6.04
5.19522e-07 6.04
5.33546e-07 6.04
4.88924e-07 6.04
5.02311e-07 6.04
4.89562e-07 6.04
5.05498e-07 6.04
4.86375e-07 6.04
5.27171e-07 6.04
0 6.04
4.69801e-07 6.04
5.04861e-07 6.04
5.01036e-07 6.04
4.78088e-07 6.04
4.96574e-07 6.04
4.95299e-07 6.04
5.0996e-07 6.04
4.97211e-07 6.04
5.07302e-07 6.08
5.06032e-07 6.08
4.88889e-07 6.08
4.94603e-07 6.08
4.88254e-07 6.08
4.93333e-07 6.08
4.98413e-07 6.08
5.07302e-07 6.08
5.16825e-07 6.08
5.05397e-07 6.08
4.96508e-07 6.08
4.87619e-07 6.08
4.8e-07 6.08
4.95873e-07 6.08
4.92698e-07 6.08
4.8e-07 6.08
5.25079e-07 6.08
4.95238e-07 6.08
5.16825e-07 6.08
4.69841e-07 6.08
5.04032e-07 6.12
5.17312e-07 6.12
5.18577e-07 6.12
5.00237e-07 6.12
4.86324e-07 6.12
4.74941e-07 6.12
5.24901e-07 6.12
4.86957e-07 6.12
4.99605e-07 6.12
4.73676e-07 6.12
4.60395e-07 6.12
5.0087e-07 6.12
5.15415e-07 6.12
4.6419e-07 6.12
4.92016e-07 6.12
4.88854e-07 6.12
4.76838e-07 6.12
5.03399e-07 6.12
4.85059e-07 6.12
4.47747e-07 6.12
4.7685e-07 6.16
4.91339e-07 6.16
4.95118e-07 6.16
4.51654e-07 6.16
4.86929e-07 6.16
4.73071e-07 6.16
4.68661e-07 6.16
5.10866e-07 6.16
4.92598e-07 6.16
4.59213e-07 6.16
5.09606e-07 6.16
4.97008e-07 6.16
4.69291e-07 6.16
4.86929e-07 6.16
4.8063e-07 6.16
5.05827e-07 6.16
4.69291e-07 6.16
4.68661e-07 6.16
4.98268e-07 6.16
4.91969e-07 6.16
4.7749e-07 6.2
4.69961e-07 6.2
4.78118e-07 6.2
5.03216e-07 6.2
4.8e-07 6.2
4.93804e-07 6.2
5.08863e-07 6.2
4.63686e-07 6.2
4.90667e-07 6.2
4.75608e-07 6.2
4.70588e-07 6.2
4.81882e-07 6.2
4.95686e-07 6.2
5.01961e-07 6.2
4.69961e-07 6.2
4.76863e-07 6.2
4.76235e-07 6.2
4.98196e-07 6.2
4.96941e-07 6.2
4.76863e-07 6.2
4.96875e-07 6.24
4.85e-07 6.24
5.05625e-07 6.24
5.025e-07 6.24
4.95e-07 6.24
4.69375e-07 6.24
4.93125e-07 6.24
5.0125e-07 6.24
4.7125e-07 6.24
5e-07 6.24
5.14375e-07 6.24
4.975e-07 6.24
4.8e-07 6.24
5e-07 6.24
5.09375e-07 6.24
4.8625e-07 6.24
4.66875e-07 6.24
4.83125e-07 6.24
4.94375e-07 6.24
4.6625e-07 6.24
4.85603e-07 6.28
4.76887e-07 6.28
4.68171e-07 6.28
4.8e-07 6.28
4.88716e-07 6.28
5.0179e-07 6.28
4.81868e-07 6.28
4.78132e-07 6.28
4.71284e-07 6.28
4.93074e-07 6.28
4.93074e-07 6.28
5.06148e-07 6.28
5.07393e-07 6.28
5.21089e-07 6.28
4.7751e-07 6.28
4.90584e-07 6.28
4.78132e-07 6.28
4.93696e-07 6.28
4.75019e-07 6.28
5.14864e-07 6.28
0 6.32
4.57054e-07 6.32
4.91163e-07 6.32
4.87442e-07 6.32
4.65116e-07 6.32
4.83101e-07 6.32
4.8186e-07 6.32
4.94264e-07 6.32
4.85581e-07 6.32
4.94884e-07 6.32
4.94884e-07 6.32
4.77519e-07 6.32
4.83101e-07 6.32
4.76899e-07 6.32
4.8186e-07 6.32
4.86822e-07 6.32
4.95504e-07 6.32
5.04806e-07 6.32
4.93643e-07 6.32
4.84961e-07 6.32
4.7444e-07 6.36
4.67027e-07 6.36
4.82471e-07 6.36
4.79382e-07 6.36
4.67027e-07 6.36
5.10888e-07 6.36
4.81853e-07 6.36
5.02857e-07 6.36
4.57143e-07 6.36
4.92355e-07 6.36
5.05328e-07 6.36
5.06564e-07 6.36
4.88649e-07 6.36
4.75058e-07 6.36
4.63938e-07 6.36
5.12741e-07 6.36
4.75676e-07 6.36
4.88031e-07 6.36
4.62703e-07 6.36
4.4973e-07 6.36
4.87385e-07 6.4
5.01538e-07 6.4
4.51692e-07 6.4
4.78769e-07 6.4
4.75692e-07 6.4
4.64e-07 6.4
4.89846e-07 6.4
4.72e-07 6.4
4.35692e-07 6.4
4.65846e-07 6.4
4.8e-07 6.4
4.83692e-07 6.4
4.41231e-07 6.4
4.75692e-07 6.4
4.62154e-07 6.4
4.57846e-07 6.4
4.99077e-07 6.4
4.81231e-07 6.4
4.48615e-07 6.4
4.97846e-07 6.4
4.83678e-07 6.44
4.56705e-07 6.44
4.7387e-07 6.44
4.67739e-07 6.44
4.92261e-07 6.44
4.56705e-07 6.44
4.56092e-07 6.44
4.84904e-07 6.44
4.78774e-07 6.44
4.66513e-07 6.44
4.59157e-07 6.44
4.67126e-07 6.44
4.91648e-07 6.44
4.68966e-07 6.44
4.82452e-07 6.44
4.97165e-07 6.44
4.53027e-07 6.44
4.79387e-07 6.44
4.64674e-07 6.44
4.5977e-07 6.44
4.69008e-07 6.48
4.82443e-07 6.48
4.8855e-07 6.48
4.57405e-07 6.48
4.64122e-07 6.48
4.63511e-07 6.48
4.84885e-07 6.48
4.83664e-07 6.48
4.64122e-07 6.48
4.85496e-07 6.48
4.73893e-07 6.48
4.94046e-07 6.48
4.90992e-07 6.48
4.83664e-07 6.48
4.58626e-07 6.48
4.81832e-07 6.48
4.89771e-07 6.48
4.60458e-07 6.48
4.8855e-07 6.48
5.02595e-07 6.48
4.84259e-07 6.52
4.67224e-07 6.52
4.86692e-07 6.52
4.95817e-07 6.52
4.73308e-07 6.52
4.54449e-07 6.52
4.70266e-07 6.52
4.81217e-07 6.52
4.5384e-07 6.52
4.74525e-07 6.52
4.66008e-07 6.52
4.5749e-07 6.52
4.69049e-07 6.52
4.77567e-07 6.52
4.90342e-07 6.52
4.70875e-07 6.52
4.67224e-07 6.52
4.60532e-07 6.52
4.81825e-07 6.52
4.81825e-07 6.52
4.92727e-07 6.56
4.93939e-07 6.56
5.07273e-07 6.56
4.64848e-07 6.56
4.77576e-07 6.56
4.65455e-07 6.56
4.80606e-07 6.56
4.62424e-07 6.56
5.01212e-07 6.56
0 6.56
4.46667e-07 6.56
4.8e-07 6.56
4.76364e-07 6.56
4.54545e-07 6.56
4.72121e-07 6.56
4.70909e-07 6.56
4.8303e-07 6.56
4.72727e-07 6.56
4.85455e-07 6.56
4.8303e-07 6.56
4.65509e-07 6.6
4.7034e-07 6.6
4.64302e-07 6.6
4.69132e-07 6.6
4.73962e-07 6.6
4.82415e-07 6.6
4.91472e-07 6.6
4.80604e-07 6.6
4.72151e-07 6.6
4.63698e-07 6.6
4.56453e-07 6.6
4.71547e-07 6.6
4.68528e-07 6.6
4.56453e-07 6.6
4.99321e-07 6.6
4.70943e-07 6.6
4.91472e-07 6.6
4.46792e-07 6.6
4.81208e-07 6.6
4.93887e-07 6.6
4.93233e-07 6.64
4.75789e-07 6.64
4.62556e-07 6.64
4.51729e-07 6.64
4.99248e-07 6.64
4.63158e-07 6.64
4.75188e-07 6.64
4.50526e-07 6.64
4.37895e-07 6.64
4.76391e-07 6.64
4.90226e-07 6.64
4.41504e-07 6.64
4.6797e-07 6.64
4.64962e-07 6.64
4.53534e-07 6.64
4.78797e-07 6.64
4.61353e-07 6.64
4.25865e-07 6.64
4.55338e-07 6.64
4.69173e-07 6.64
4.71011e-07 6.68
4.29663e-07 6.68
4.63221e-07 6.68
4.50037e-07 6.68
4.45843e-07 6.68
4.85993e-07 6.68
4.68614e-07 6.68
4.36854e-07 6.68
4.84794e-07 6.68
4.72809e-07 6.68
4.46442e-07 6.68
4.63221e-07 6.68
4.57228e-07 6.68
4.81199e-07 6.68
4.46442e-07 6.68
4.45843e-07 6.68
4.74007e-07 6.68
4.68015e-07 6.68
4.5603e-07 6.68
4.48839e-07 6.68
4.54925e-07 6.72
4.78806e-07 6.72
4.56716e-07 6.72
4.69851e-07 6.72
4.84179e-07 6.72
4.41194e-07 6.72
4.66866e-07 6.72
4.52537e-07 6.72
4.47761e-07 6.72
4.58507e-07 6.72
4.71642e-07 6.72
4.77612e-07 6.72
4.47164e-07 6.72
4.53731e-07 6.72
4.53134e-07 6.72
4.7403e-07 6.72
4.72836e-07 6.72
4.53731e-07 6.72
4.74627e-07 6.72
4.63284e-07 6.72
4.8119e-07 6.76
4.78216e-07 6.76
4.71078e-07 6.76
4.46691e-07 6.76
4.69294e-07 6.76
4.77026e-07 6.76
4.48476e-07 6.76
4.75836e-07 6.76
4.89517e-07 6.76
4.73457e-07 6.76
4.56803e-07 6.76
4.75836e-07 6.76
4.84758e-07 6.76
4.62751e-07 6.76
4.44312e-07 6.76
4.59777e-07 6.76
4.70483e-07 6.76
4.43717e-07 6.76
4.63941e-07 6.76
4.55613e-07 6.76
4.4563e-07 6.8
4.56889e-07 6.8
4.65185e-07 6.8
4.7763e-07 6.8
4.58667e-07 6.8
4.55111e-07 6.8
4.48593e-07 6.8
4.69333e-07 6.8
4.69333e-07 6.8
4.81778e-07 6.8
4.82963e-07 6.8
4.96e-07 6.8
4.54519e-07 6.8
4.66963e-07 6.8
4.55111e-07 6.8
4.69926e-07 6.8
4.52148e-07 6.8
4.90074e-07 6.8
0 6.8
4.36741e-07 6.8
4.67601e-07 6.84
4.64059e-07 6.84
4.42804e-07 6.84
4.59926e-07 6.84
4.58745e-07 6.84
4.70554e-07 6.84
4.60517e-07 6.84
4.71144e-07 6.84
4.72325e-07 6.84
4.54613e-07 6.84
4.60517e-07 6.84
4.54022e-07 6.84
4.58745e-07 6.84
4.63469e-07 6.84
4.71734e-07 6.84
4.8059e-07 6.84
4.69963e-07 6.84
4.61697e-07 6.84
4.53432e-07 6.84
4.46347e-07 6.84
4.59412e-07 6.88
4.56471e-07 6.88
4.44706e-07 6.88
4.86471e-07 6.88
4.58824e-07 6.88
4.78824e-07 6.88
4.35294e-07 6.88
4.68824e-07 6.88
4.81176e-07 6.88
4.82353e-07 6.88
4.65294e-07 6.88
4.52353e-07 6.88
4.41765e-07 6.88
4.88235e-07 6.88
4.52941e-07 6.88
4.64706e-07 6.88
4.40588e-07 6.88
4.28235e-07 6.88
4.65882e-07 6.88
4.79412e-07 6.88
4.30183e-07 6.92
4.55971e-07 6.92
4.5304e-07 6.92
4.41905e-07 6.92
4.6652e-07 6.92
4.49524e-07 6.92
4.14945e-07 6.92
4.43663e-07 6.92
4.57143e-07 6.92
4.60659e-07 6.92
4.2022e-07 6.92
4.5304e-07 6.92
4.40147e-07 6.92
4.36044e-07 6.92
4.75311e-07 6.92
4.58315e-07 6.92
4.27253e-07 6.92
4.74139e-07 6.92
4.62418e-07 6.92
4.3663e-07 6.92
4.51387e-07 6.96
4.45547e-07 6.96
4.68905e-07 6.96
4.35036e-07 6.96
4.34453e-07 6.96
4.61898e-07 6.96
4.56058e-07 6.96
4.4438e-07 6.96
4.37372e-07 6.96
4.44964e-07 6.96
4.68321e-07 6.96
4.46715e-07 6.96
4.59562e-07 6.96
4.73577e-07 6.96
4.31533e-07 6.96
4.56642e-07 6.96
4.42628e-07 6.96
4.37956e-07 6.96
4.48467e-07 6.96
4.61314e-07 6.96
4.65455e-07 7
4.35782e-07 7
4.42182e-07 7
4.416e-07 7
4.61964e-07 7
4.608e-07 7
4.42182e-07 7
4.62545e-07 7
4.51491e-07 7
4.70691e-07 7
4.67782e-07 7
4.608e-07 7
4.36945e-07 7
4.59055e-07 7
4.66618e-07 7
4.38691e-07 7
4.65455e-07 7
4.78836e-07 7
4.63127e-07 7
4.46836e-07 7
4.63768e-07 7.04
4.72464e-07 7.04
4.51014e-07 7.04
4.33043e-07 7.04
4.48116e-07 7.04
4.58551e-07 7.04
4.32464e-07 7.04
4.52174e-07 7.04
4.44058e-07 7.04
4.35942e-07 7.04
4.46957e-07 7.04
4.55072e-07 7.04
4.67246e-07 7.04
4.48696e-07 7.04
4.45217e-07 7.04
4.38841e-07 7.04
4.5913e-07 7.04
4.5913e-07 7.04
4.71304e-07 7.04
4.72464e-07 7.04
4.83466e-07 7.08
4.43032e-07 7.08
4.55162e-07 7.08
4.4361e-07 7.08
4.58051e-07 7.08
4.40722e-07 7.08
4.7769e-07 7.08
0 7.08
4.25704e-07 7.08
4.57473e-07 7.08
4.54007e-07 7.08
4.33213e-07 7.08
4.49964e-07 7.08
4.48809e-07 7.08
4.60361e-07 7.08
4.50542e-07 7.08
4.60939e-07 7.08
4.60361e-07 7.08
4.46498e-07 7.08
4.49964e-07 7.08
4.43165e-07 7.12
4.47194e-07 7.12
4.51799e-07 7.12
4.59856e-07 7.12
4.68489e-07 7.12
4.58129e-07 7.12
4.50072e-07 7.12
4.42014e-07 7.12
4.35108e-07 7.12
4.49496e-07 7.12
4.46619e-07 7.12
4.35108e-07 7.12
4.75971e-07 7.12
4.48921e-07 7.12
4.68489e-07 7.12
4.25899e-07 7.12
4.58705e-07 7.12
4.70791e-07 7.12
4.71942e-07 7.12
4.55252e-07 7.12
4.41004e-07 7.16
4.30681e-07 7.16
4.75986e-07 7.16
4.41577e-07 7.16
4.53047e-07 7.16
4.29534e-07 7.16
4.17491e-07 7.16
4.54194e-07 7.16
4.67384e-07 7.16
4.20932e-07 7.16
4.46165e-07 7.16
4.43297e-07 7.16
4.32401e-07 7.16
4.56487e-07 7.16
4.39857e-07 7.16
4.06022e-07 7.16
4.34122e-07 7.16
4.47312e-07 7.16
4.50753e-07 7.16
4.11183e-07 7.16
4.41714e-07 7.2
4.29143e-07 7.2
4.25143e-07 7.2
4.63429e-07 7.2
4.46857e-07 7.2
4.16571e-07 7.2
4.62286e-07 7.2
4.50857e-07 7.2
4.25714e-07 7.2
4.41714e-07 7.2
4.36e-07 7.2
4.58857e-07 7.2
4.25714e-07 7.2
4.25143e-07 7.2
4.52e-07 7.2
4.46286e-07 7.2
4.34857e-07 7.2
4.28e-07 7.2
4.35429e-07 7.2
4.58286e-07 7.2
4.35587e-07 7.24
4.48114e-07 7.24
4.61779e-07 7.24
4.20783e-07 7.24
4.45267e-07 7.24
4.31601e-07 7.24
4.27046e-07 7.24
4.37295e-07 7.24
4.49822e-07 7.24
4.55516e-07 7.24
4.26477e-07 7.24
4.3274e-07 7.24
4.32171e-07 7.24
4.521e-07 7.24
4.50961e-07 7.24
4.3274e-07 7.24
4.52669e-07 7.24
4.41851e-07 7.24
4.60641e-07 7.24
4.57794e-07 7.24
4.49362e-07 7.28
4.26099e-07 7.28
4.4766e-07 7.28
4.55035e-07 7.28
4.27801e-07 7.28
4.53901e-07 7.28
4.6695e-07 7.28
4.51631e-07 7.28
4.35745e-07 7.28
4.53901e-07 7.28
4.62411e-07 7.28
4.41418e-07 7.28
4.2383e-07 7.28
4.38582e-07 7.28
4.48794e-07 7.28
4.23262e-07 7.28
4.42553e-07 7.28
4.3461e-07 7.28
4.26667e-07 7.28
4.37447e-07 7.28
4.43816e-07 7.32
4.55689e-07 7.32
4.37597e-07 7.32
4.34205e-07 7.32
4.27986e-07 7.32
4.47774e-07 7.32
4.47774e-07 7.32
4.59647e-07 7.32
4.60777e-07 7.32
4.73216e-07 7.32
4.3364e-07 7.32
4.45512e-07 7.32
4.34205e-07 7.32
4.48339e-07 7.32
4.31378e-07 7.32
4.67562e-07 7.32
0 7.32
4.16678e-07 7.32
4.47774e-07 7.32
4.44382e-07 7.32
4.22535e-07 7.36
4.38873e-07 7.36
4.37746e-07 7.36
4.49014e-07 7.36
4.39437e-07 7.36
4.49577e-07 7.36
4.49014e-07 7.36
4.33803e-07 7.36
4.40563e-07 7.36
4.33239e-07 7.36
4.3831e-07 7.36
4.42254e-07 7.36
4.50141e-07 7.36
4.58592e-07 7.36
4.48451e-07 7.36
4.40563e-07 7.36
4.32676e-07 7.36
4.25915e-07 7.36
4.4e-07 7.36
4.37183e-07 7.36
4.24421e-07 7.4
4.64281e-07 7.4
4.37895e-07 7.4
4.56982e-07 7.4
4.15439e-07 7.4
4.47439e-07 7.4
4.59228e-07 7.4
4.60351e-07 7.4
4.4407e-07 7.4
4.31719e-07 7.4
4.21614e-07 7.4
4.65965e-07 7.4
4.32281e-07 7.4
4.43509e-07 7.4
4.20491e-07 7.4
4.08702e-07 7.4
4.44632e-07 7.4
4.57544e-07 7.4
4.1207e-07 7.4
4.36772e-07 7.4
4.32448e-07 7.44
4.21818e-07 7.44
4.45315e-07 7.44
4.29091e-07 7.44
3.96084e-07 7.44
4.23497e-07 7.44
4.36364e-07 7.44
4.3972e-07 7.44
4.01119e-07 7.44
4.32448e-07 7.44
4.2014e-07 7.44
4.16224e-07 7.44
4.53706e-07 7.44
4.37483e-07 7.44
4.07832e-07 7.44
4.52587e-07 7.44
4.41399e-07 7.44
4.16783e-07 7.44
4.32448e-07 7.44
4.26853e-07 7.44
4.47666e-07 7.48
4.15331e-07 7.48
4.14774e-07 7.48
4.40976e-07 7.48
4.35401e-07 7.48
4.24251e-07 7.48
4.17561e-07 7.48
4.24808e-07 7.48
4.47108e-07 7.48
4.26481e-07 7.48
4.38746e-07 7.48
4.52125e-07 7.48
4.11986e-07 7.48
4.35958e-07 7.48
4.22578e-07 7.48
4.18118e-07 7.48
4.28153e-07 7.48
4.40418e-07 7.48
4.45993e-07 7.48
4.17561e-07 7.48
4.22222e-07 7.52
4.21667e-07 7.52
4.41111e-07 7.52
4.4e-07 7.52
4.22222e-07 7.52
4.41667e-07 7.52
4.31111e-07 7.52
4.49444e-07 7.52
4.46667e-07 7.52
4.4e-07 7.52
4.17222e-07 7.52
4.38333e-07 7.52
4.45556e-07 7.52
4.18889e-07 7.52
4.44444e-07 7.52
4.57222e-07 7.52
4.42222e-07 7.52
4.26667e-07 7.52
4.44444e-07 7.52
4.52778e-07 7.52
4.30727e-07 7.56
4.13564e-07 7.56
4.27958e-07 7.56
4.37924e-07 7.56
4.1301e-07 7.56
4.31834e-07 7.56
4.24083e-07 7.56
4.16332e-07 7.56
4.26851e-07 7.56
4.34602e-07 7.56
4.46228e-07 7.56
4.28512e-07 7.56
4.2519e-07 7.56
4.191e-07 7.56
4.38478e-07 7.56
4.38478e-07 7.56
4.50104e-07 7.56
4.51211e-07 7.56
4.63391e-07 7.56
4.24637e-07 7.56
4.34759e-07 7.6
4.23724e-07 7.6
4.37517e-07 7.6
4.20966e-07 7.6
4.56276e-07 7.6
0 7.6
4.06621e-07 7.6
4.36966e-07 7.6
4.33655e-07 7.6
4.13793e-07 7.6
4.29793e-07 7.6
4.2869e-07 7.6
4.39724e-07 7.6
4.30345e-07 7.6
4.40276e-07 7.6
4.39724e-07 7.6
4.24828e-07 7.6
4.29793e-07 7.6
4.25931e-07 7.6
4.2869e-07 7.6
4.32165e-07 7.64
4.39313e-07 7.64
4.4756e-07 7.64
4.37663e-07 7.64
4.29966e-07 7.64
4.22268e-07 7.64
4.1567e-07 7.64
4.29416e-07 7.64
4.26667e-07 7.64
4.1567e-07 7.64
4.54708e-07 7.64
4.28866e-07 7.64
4.4756e-07 7.64
4.06873e-07 7.64
4.38213e-07 7.64
4.49759e-07 7.64
4.50859e-07 7.64
4.34914e-07 7.64
4.22818e-07 7.64
4.12921e-07 7.64
4.54795e-07 7.68
4.21918e-07 7.68
4.32877e-07 7.68
4.10411e-07 7.68
3.98904e-07 7.68
4.33973e-07 7.68
4.46575e-07 7.68
4.02192e-07 7.68
4.26301e-07 7.68
4.23562e-07 7.68
4.13151e-07 7.68
4.36164e-07 7.68
4.20274e-07 7.68
3.87945e-07 7.68
4.14795e-07 7.68
4.27397e-07 7.68
4.30685e-07 7.68
3.92877e-07 7.68
4.23562e-07 7.68
4.11507e-07 7.68
4.0628e-07 7.72
4.42867e-07 7.72
4.27031e-07 7.72
3.98089e-07 7.72
4.41775e-07 7.72
4.30853e-07 7.72
4.06826e-07 7.72
4.22116e-07 7.72
4.16655e-07 7.72
4.38498e-07 7.72
4.06826e-07 7.72
4.0628e-07 7.72
4.31945e-07 7.72
4.26485e-07 7.72
4.15563e-07 7.72
4.0901e-07 7.72
4.16109e-07 7.72
4.37952e-07 7.72
4.17747e-07 7.72
4.29761e-07 7.72
4.41361e-07 7.76
4.02177e-07 7.76
4.25578e-07 7.76
4.12517e-07 7.76
4.08163e-07 7.76
4.17959e-07 7.76
4.29932e-07 7.76
4.35374e-07 7.76
4.07619e-07 7.76
4.13605e-07 7.76
4.13061e-07 7.76
4.32109e-07 7.76
4.3102e-07 7.76
4.13605e-07 7.76
4.32653e-07 7.76
4.22313e-07 7.76
4.40272e-07 7.76
4.37551e-07 7.76
4.3102e-07 7.76
4.08707e-07 7.76
4.27932e-07 7.8
4.34983e-07 7.8
4.08949e-07 7.8
4.33898e-07 7.8
4.46373e-07 7.8
4.31729e-07 7.8
4.16542e-07 7.8
4.33898e-07 7.8
4.42034e-07 7.8
4.21966e-07 7.8
4.05153e-07 7.8
4.19254e-07 7.8
4.29017e-07 7.8
4.0461e-07 7.8
4.23051e-07 7.8
4.15458e-07 7.8
4.07864e-07 7.8
4.18169e-07 7.8
4.25763e-07 7.8
4.37153e-07 7.8
4.18378e-07 7.84
4.15135e-07 7.84
4.09189e-07 7.84
4.28108e-07 7.84
4.28108e-07 7.84
4.39459e-07 7.84
4.40541e-07 7.84
4.52432e-07 7.84
4.14595e-07 7.84
4.25946e-07 7.84
4.15135e-07 7.84
4.28649e-07 7.84
4.12432e-07 7.84
4.47027e-07 7.84
0 7.84
3.98378e-07 7.84
4.28108e-07 7.84
4.24865e-07 7.84
4.05405e-07 7.84
4.21081e-07 7.84
4.18586e-07 7.88
4.2936e-07 7.88
4.20202e-07 7.88
4.29899e-07 7.88
4.2936e-07 7.88
4.14815e-07 7.88
4.19663e-07 7.88
4.14276e-07 7.88
4.20202e-07 7.88
4.22896e-07 7.88
4.30976e-07 7.88
4.38519e-07 7.88
4.28822e-07 7.88
4.21279e-07 7.88
4.13737e-07 7.88
4.07273e-07 7.88
4.20741e-07 7.88
4.18047e-07 7.88
4.07273e-07 7.88
4.45522e-07 7.88
4.18792e-07 7.92
4.37047e-07 7.92
3.97315e-07 7.92
4.27919e-07 7.92
4.39195e-07 7.92
4.40268e-07 7.92
4.24698e-07 7.92
4.12886e-07 7.92
4.03221e-07 7.92
4.45638e-07 7.92
4.13423e-07 7.92
4.24161e-07 7.92
4.02148e-07 7.92
3.90872e-07 7.92
4.25235e-07 7.92
4.37584e-07 7.92
3.94094e-07 7.92
4.17718e-07 7.92
4.15034e-07 7.92
4.04832e-07 7.92
4.25953e-07 7.96
4.10435e-07 7.96
3.78863e-07 7.96
4.05084e-07 7.96
4.17391e-07 7.96
4.20602e-07 7.96
3.83679e-07 7.96
4.13645e-07 7.96
4.01873e-07 7.96
3.98127e-07 7.96
4.3398e-07 7.96
4.18462e-07 7.96
3.901e-07 7.96
4.3291e-07 7.96
4.22207e-07 7.96
3.98662e-07 7.96
4.13645e-07 7.96
4.08294e-07 7.96
4.29699e-07 7.96
3.98662e-07 7.96
