2.20077e-05 1
2.2061e-05 1.01
2.10957e-05 1.02
2.14345e-05 1.03
2.12958e-05 1.04
2.08209e-05 1.05
1.95114e-05 1.06
1.99849e-05 1.07
2.03856e-05 1.08
2.02725e-05 1.09
1.94632e-05 1.1
1.85254e-05 1.11
1.94299e-05 1.12
1.81819e-05 1.13
1.95415e-05 1.14
1.8686e-05 1.15
1.93256e-05 1.16
1.91051e-05 1.17
1.93851e-05 1.18
1.89999e-05 1.19
1.72722e-05 1.2
1.8243e-05 1.21
1.90813e-05 1.22
1.6335e-05 1.23
1.88363e-05 1.24
1.79042e-05 1.25
1.82892e-05 1.26
1.64443e-05 1.27
1.84046e-05 1.28
1.75543e-05 1.29
1.82841e-05 1.3
1.7016e-05 1.31
1.65815e-05 1.32
1.61382e-05 1.33
1.64988e-05 1.34
1.57659e-05 1.35
1.67917e-05 1.36
1.64959e-05 1.37
1.62949e-05 1.38
1.59896e-05 1.39
1.67569e-05 1.4
1.49062e-05 1.41
1.66801e-05 1.42
1.54646e-05 1.43
1.6513e-05 1.44
1.66315e-05 1.45
1.64533e-05 1.46
1.38822e-05 1.47
1.5144e-05 1.48
1.61672e-05 1.49
1.58162e-05 1.5
1.51205e-05 1.51
1.61017e-05 1.52
1.56909e-05 1.53
1.53289e-05 1.54
1.32856e-05 1.55
1.52781e-05 1.56
1.56432e-05 1.57
1.5854e-05 1.58
1.38471e-05 1.59
1.56835e-05 1.6
1.55648e-05 1.61
1.39421e-05 1.62
1.4362e-05 1.63
1.45363e-05 1.64
1.38488e-05 1.65
1.52656e-05 1.66
1.3527e-05 1.67
1.47074e-05 1.68
1.31484e-05 1.69
1.48458e-05 1.7
1.24739e-05 1.71
1.48109e-05 1.72
1.39788e-05 1.73
1.43109e-05 1.74
1.36503e-05 1.75
1.25343e-05 1.76
1.3348e-05 1.77
1.44334e-05 1.78
1.32634e-05 1.79
1.39762e-05 1.8
1.36999e-05 1.81
1.42779e-05 1.82
1.09437e-05 1.83
1.39049e-05 1.84
1.36365e-05 1.85
1.34139e-05 1.86
1.21778e-05 1.87
1.38382e-05 1.88
1.30873e-05 1.89
1.1942e-05 1.9
1.32281e-05 1.91
1.32273e-05 1.92
1.31248e-05 1.93
1.34031e-05 1.94
1.11416e-05 1.95
1.34622e-05 1.96
1.15915e-05 1.97
1.20432e-05 1.98
1.28733e-05 1.99
