0 4
5.56848e-005 3.96
0 3.92
5.93218e-006 3.88
0 3.84
5.55225e-005 3.8
0 3.76
4.74155e-006 3.72
0 3.68
5.76578e-005 3.64
0 3.6
5.47132e-006 3.56
0 3.52
5.60813e-005 3.48
0 3.44
5.14292e-006 3.4
0 3.36
5.9054e-005 3.32
0 3.28
6.59094e-006 3.24
0 3.2
6.11053e-005 3.16
0 3.12
4.20881e-006 3.08
0 3.04
6.29463e-005 3
0 2.96
3.81179e-006 2.92
0 2.88
6.36159e-005 2.84
0 2.8
5.24828e-006 2.76
0 2.72
6.58707e-005 2.68
0 2.64
6.07321e-006 2.6
0 2.56
6.74915e-005 2.52
0 2.48
5.7272e-006 2.44
0 2.4
6.49942e-005 2.36
0 2.32
7.46293e-006 2.28
0 2.24
7.0832e-005 2.2
0 2.16
4.90562e-006 2.12
0 2.08
7.28551e-005 2.04
0 2
7.70309e-006 1.96
0 1.92
7.38601e-005 1.88
0 1.84
2.79945e-006 1.8
0 1.76
7.72878e-005 1.72
0 1.68
6.97191e-006 1.64
0 1.6
7.91862e-005 1.56
0 1.52
6.56526e-006 1.48
0 1.44
7.97938e-005 1.4
0 1.36
9.10436e-006 1.32
0 1.28
8.00782e-005 1.24
0 1.2
6.07752e-006 1.16
0 1.12
8.6577e-005 1.08
0 1.04
9.46496e-006 1
0 0.96
8.77541e-005 0.92
0 0.88
7.38116e-006 0.84
0 0.8
9.26413e-005 0.76
0 0.72
4.25846e-006 0.68
0 0.64
9.61677e-005 0.6
0 0.56
7.24602e-006 0.52
0 0.48
9.78191e-005 0.44
0 0.4
1.10011e-005 0.36
0 0.32
0.00010264 0.28
0 0.24
7.08038e-006 0.2
0 0.16
0.000102059 0.12
0 0.08
1.22471e-005 0.04
