2.20912e-05 1
2.21081e-05 1.01
2.17411e-05 1.02
2.08828e-05 1.03
2.12931e-05 1.04
2.13149e-05 1.05
1.97882e-05 1.06
2.00606e-05 1.07
2.02991e-05 1.08
2.05293e-05 1.09
2.03524e-05 1.1
1.94567e-05 1.11
2.03559e-05 1.12
1.84576e-05 1.13
1.99293e-05 1.14
1.91199e-05 1.15
1.82312e-05 1.16
1.77007e-05 1.17
1.86834e-05 1.18
1.82706e-05 1.19
1.73487e-05 1.2
1.86183e-05 1.21
1.8931e-05 1.22
1.78119e-05 1.23
1.87412e-05 1.24
1.8602e-05 1.25
1.8031e-05 1.26
1.61804e-05 1.27
1.84249e-05 1.28
1.83155e-05 1.29
1.8287e-05 1.3
1.73592e-05 1.31
1.70627e-05 1.32
1.66972e-05 1.33
1.6187e-05 1.34
1.53405e-05 1.35
1.68145e-05 1.36
1.67884e-05 1.37
1.68034e-05 1.38
1.63398e-05 1.39
1.67405e-05 1.4
1.52664e-05 1.41
1.66332e-05 1.42
1.57827e-05 1.43
1.6244e-05 1.44
1.67272e-05 1.45
1.64165e-05 1.46
1.54946e-05 1.47
1.50417e-05 1.48
1.6268e-05 1.49
1.49254e-05 1.5
1.53619e-05 1.51
1.6252e-05 1.52
1.44481e-05 1.53
1.56686e-05 1.54
1.41486e-05 1.55
1.49061e-05 1.56
1.57902e-05 1.57
1.59077e-05 1.58
1.47815e-05 1.59
1.57262e-05 1.6
1.55236e-05 1.61
1.33408e-05 1.62
1.46676e-05 1.63
1.50983e-05 1.64
1.39765e-05 1.65
1.53131e-05 1.66
1.31486e-05 1.67
1.46698e-05 1.68
1.3948e-05 1.69
1.48895e-05 1.7
1.24771e-05 1.71
1.49707e-05 1.72
1.4074e-05 1.73
1.45635e-05 1.74
1.3259e-05 1.75
1.33368e-05 1.76
1.34288e-05 1.77
1.44703e-05 1.78
1.35357e-05 1.79
1.39427e-05 1.8
1.3702e-05 1.81
1.42886e-05 1.82
1.15466e-05 1.83
1.27016e-05 1.84
1.35654e-05 1.85
1.39693e-05 1.86
1.28077e-05 1.87
1.40497e-05 1.88
1.2176e-05 1.89
1.26405e-05 1.9
1.27188e-05 1.91
1.37146e-05 1.92
1.32332e-05 1.93
1.26387e-05 1.94
1.24362e-05 1.95
1.34588e-05 1.96
1.21579e-05 1.97
1.212e-05 1.98
1.25474e-05 1.99
