6.1472e-08 4
5.82019e-08 4.4
5.55273e-08 4.8
5.32452e-08 5.2
5.14e-08 5.6
4.82944e-08 6
4.70277e-08 6.4
4.5683e-08 6.8
4.40171e-08 7.2
4.1909e-08 7.6
4.0848e-08 8
3.9391e-08 8.4
3.824e-08 8.8
3.73236e-08 9.2
3.55953e-08 9.6
3.50217e-08 10
3.42044e-08 10.4
3.3267e-08 10.8
3.19032e-08 11.2
3.152e-08 11.6
3.062e-08 12
2.97834e-08 12.4
2.9299e-08 12.8
2.81526e-08 13.2
2.79018e-08 13.6
2.73209e-08 14
2.66713e-08 14.4
2.58281e-08 14.8
2.56133e-08 15.2
2.50122e-08 15.6
2.44448e-08 16
2.41631e-08 16.4
2.33108e-08 16.8
2.31336e-08 17.2
2.27941e-08 17.6
2.2304e-08 18
2.16143e-08 18.4
2.15158e-08 18.8
2.1189e-08 19.2
2.06915e-08 19.6
2.05413e-08 20
1.99528e-08 20.4
1.97677e-08 20.8
1.94133e-08 21.2
1.92575e-08 21.6
1.85895e-08 22
1.85867e-08 22.4
1.83737e-08 22.8
1.81082e-08 23.2
1.76209e-08 23.6
1.74811e-08 24
1.72101e-08 24.4
1.70244e-08 24.8
1.68482e-08 25.2
1.63632e-08 25.6
1.63499e-08 26
1.61979e-08 26.4
1.59771e-08 26.8
1.55692e-08 27.2
1.55281e-08 27.6
1.5306e-08 28
1.50894e-08 28.4
1.49834e-08 28.8
1.46101e-08 29.2
1.46019e-08 29.6
1.44772e-08 30
1.4253e-08 30.4
1.39899e-08 30.8
1.396e-08 31.2
1.37636e-08 31.6
1.35396e-08 32
1.35824e-08 32.4
1.31809e-08 32.8
1.31802e-08 33.2
1.30655e-08 33.6
1.29162e-08 34
1.2625e-08 34.4
1.26499e-08 34.8
1.25502e-08 35.2
1.23038e-08 35.6
1.2336e-08 36
1.20444e-08 36.4
1.20063e-08 36.8
1.19146e-08 37.2
1.18215e-08 37.6
1.15246e-08 38
1.15623e-08 38.4
1.14871e-08 38.8
1.14311e-08 39.2
1.1156e-08 39.6
1.10967e-08 40
1.10371e-08 40.4
1.09243e-08 40.8
1.09211e-08 41.2
1.05811e-08 41.6
1.06546e-08 42
1.06386e-08 42.4
1.05162e-08 42.8
1.02969e-08 43.2
1.03045e-08 43.6
